FC 00 C0 10 20
FC 00 81 10 20
FC 00 C1 10 20
60 00 00
64 00 00 00 00 00 00
6C 00 00
70 00
71 00 00 00 00 00 00 00
80 00 00 00 00 00 00 00 00 00 00 00 00 00 00 00 00 00 00
92 00
94 00 B0 71 0B 00 00 05
9B 00 3F 3F 12 00 00 FF FF 00 80 06 48 F6 37 03 FF FF 7D
AD 40
B0 00 00 00 00 00 00 00 00 00 00 00 00 00
BD 00
C0 00 00 00 00 00 00 00 00 00 00 00 00 01
CD 00
D0 00 00 00 00 00 00 00 00 00 00 00 00 02
DD 00
FC 00 C2 10 20
00 00 00 00 00 00 00 00 00 00 00 00 00 03
0D 00
10 00 00 00 00 00 00 00 00 00 00 00 00 04
1D 00
20 00 00 00 00 00 00 00 00 00 00 00 00 05
2D 00
30 00 00 00 00 00 00 00 00 00 00 00 00 06
3D 00
40 00 00 00 00 00 00 00 00 00 00 00 00 07
4D 00
50 00 00 00 00 00 00 00 00 00 00 00 00 08
5D 00
60 00 00 00 00 00 00 00 00 00 00 00 00 09
6D 00
80 00 00 00 00 00 00 00 00 00 00 00 00 0A
8D 00
90 00 00 00 00 00 00 00 00 00 00 00 00 0B
9D 00
A0 00 00 00 00 00 00 00 00 00 00 00 00 0C
AD 00
B0 00 00 00 00 00 00 00 00 00 00 00 00 0D
BD 00
C0 00 00 00 00 00 00 00 00 00 00 00 00 0E
CD 00
D0 00 00 00 00 00 00 00 00 00 00 00 00 0F
DD 00
E0 00 00 00 00 00 00 00
E8 00 00 00
EB 00 00 00 00 00 00 00 00
F4 00 00 00
F7 00
FC 00 C3 10 20
00 00 00 00 00 00 00 00
08 00 00 00
0B 00 00 00 00 00 00 00 00
14 00 00 00
17 00 00 00 00 00 00 00 00
20 00 00 00
23 00 00 00 00 00 00 00 00
2C 00 00 00
2F 00 00 00 00 00 00 00 00
38 00 00 00
3B 00 00 00 00 00 00 00
42 00
44 00 00 00
47 00 00 00 00 00 00 00 00
50 00 00 00
53 00 00 00 00 00 00 00 00
5C 00 00 00
5F 00 00 00 00 00 00 00 00
68 00 00 00
6B 00 00 00 00 00 00 00 00
74 00 00 00
77 00
80 00 00 00 00 00 00 00
88 00 00 00
8B 00 00 00 00 00 00 00 00
94 00 00 00
97 00 00 00 00 00 00 00 00
A0 00 00 00
A3 00 00 00 00 00 00 00 00
AC 00 00 00
AF 00 00 00 00 02 00 00
B6 00 00 00 00 00 00 00 00 00 00 00 00 00 00 00 00 00 00 00 00 00 00 00 00 00 00 00 00 00 00 00 00 00 00 00 00 00
DB 00 00 00 00 00 00 00 08 08 00 00 00
E7 30
FC 00 C4 10 20
00 00 00 00 00 00 00 00 00 00 00 00 00 00 00 00 00 00 00 00 00 00 00 00 00 00 00 00 00 00 00 00 00 00 00 00 00 00 00 00 00 00 00 00 00 00 00 00 00 00 00 00 00 00 00 00
37 30 00 00 00 00 00 00 00 00 00 00 00 0A 01 00 00 25 00 00 00 00 00 00 00 00 00 00 00 00 00 00 00 00 00 00 00 00 00 00 00 00 00 00 00 00 00 00 00 00 00 00 00 00 00 00 00
6F 00
80 00 00 00 00 00 00 00 00 00 00 00 00 00 00 00 00 00 00 00 00 00 00 00 00 00 00 00 00 00 00 00 00 00 00 00 00 00 00 00 00 00 00 00 00 00 00 00 00 00 00 00 00 00 00 00
B7 30 00 00 00 00 00 00 00 00 00 00 00 00 00 00 00 00 00 00 00 00 00 00 00 00 00 00 00 00 00 00 00 00 00 00 00 00 00 00 00 00 00 00 00 00 00 00 00 00 00 00 00 00 00 00 00
EF 30
FC 00 C5 10 20
00 00 00 00 00 00 00 00 00 00 00 00 00 00 00 00 00 00 00 00 00 00 00 00 00 00 00 00 00 00 00 00 00 00 00 00 00 00 00 00 00 00 00 00 00 00 00 00 00 00 00 00 00 00 00 00
37 30 00 00 00 00 00 00 00 00 00 00 00 00 00 00 00 00 00 00 00 00 00 00 00 00 00 00 00 00 00 00 00 00 00 00 00 00 00 00 00 00 00 00 00 00 00 00 00 00 00 00 00 00 00 00 00
6F 30
80 00 00 00 00 00 00 00 00 00 00 00 0A 01 00 00 25 00 00 00 00 00 00 00 00 00 00 00 00 00 00 00 00 00 00 00 00 00 00 00 00 00 00 00 00 00 00 00 00 00 00 00 00 00 00 00
B7 00 00 00 00 0A 01 00 00 25 00 00 00 00 00 00 00 00 00 00 00 00 00 00 00 00 00 00 00 00
D4 00
FC 00 C6 10 20
00 00 00 00 00 00
05 00 00
07 00 00 00 00
0B 00 00
0D 00 00 00 00
11 00 00
13 00 00 00 00 00
18 00 00 00
1B 00 00 00 00 00 00 00 00
23 00 00 00 00
27 00 00 00 00 00 00
2D 00
30 00 00 00 00 00
35 00 A1
37 2A 00
39 00 00 00 00 00 00 00 00
41 00 00
43 00 00 00 00
47 00 00
49 00 00 00 00
4D 00 00
4F 00 00 00 00 00
54 00 00 00
57 00 00 00 00 00 00 00 00
5F 00 00 00 00
63 00 00 00 00 00 00
69 00
6C 00 00 00 00 00
71 00 A1
73 2A 00
75 00 00 00
80 00 00 00 04 19
85 80 00
87 00 00 00 00
8B 00 00
8D 00 00 00 00
91 00 00
93 00 00 00 00 00
98 00 00 00
9B 00 C0 41 FF 98 40 25 FF
A3 FF 02 00 00
A7 00 00 00 00 00 00
AD 00
B0 00 00 00 00 00
B5 00 A1
B7 2A 00
B9 00 00 00 00 00 00 00 00
C1 00 00
C3 00 00 00 00
C7 00 00
C9 00 00 00 00
CD 00 00
CF 00 00 00 00 00
D4 00 00 00
D7 00 00 00 00 00 00 00 00
DF 00 00 00 00
E3 00 00 00 00 00 00
E9 00
EC 00 00 00 00 00
F1 00 A1
F3 2A 00
F5 00 00 00
FC 00 C7 10 20
00 00 00 00 00 00
05 00 00
07 00 00 00 00
0B 00 00
0D 00 00 00 00
11 00 00
13 00 00 00 00 00
18 00 00 00
1B 00 00 00 00 00 00 00 00
23 00 00 00 00
27 00 00 00 00 00 00
2D 00
30 00 00 00 00 00
35 00 A1
37 2A 00
39 00 00 00 00 00 00 00 00
41 00 00
43 00 00 00 00
47 00 00
49 00 00 00 00
4D 00 00
4F 00 00 00 00 00
54 00 00 00
57 00 00 00 00 00 00 00 00
5F 00 00 00 00
63 00 00 00 00 00 00
69 00
6C 00 00 00 00 00
71 00 A1
73 2A 00
75 00 00 00
80 00 00 00 00 00
85 00 00
87 00 00 00 00
8B 00 00
8D 00 00 00 00
91 00 00
93 00 00 00 00 00
98 00 00 00
9B 00 00 00 00 00 00 00 00
A3 00 00 00 00
A7 00 00 00 00 00 00
AD 00
B0 00 00 00 00 00
B5 00 A1
B7 2A 00
B9 00 00 00 00 00 00 04 19
C1 80 00
C3 00 00 00 00
C7 00 00
C9 00 00 00 00
CD 00 00
CF 00 00 00 00 00
D4 00 00 00
D7 00 C0 41 FF 98 40 25 FF
DF FF 04 00 00
E3 00 00 00 00 00 00
E9 00
EC 00 00 00 00 00
F1 00 A1
F3 2A 00
F5 00 00 00
FC 00 C8 10 20
00 00 00 04
04 64
05 80 00
07 00 00 00 00
0B 00 00
0D 00 00 00 00
11 00 00
13 00 00
15 00 00
18 00 00 00
1B 00 00 00 00
1F 00 00 00 00
23 00 00 00 00
27 00 00 00 00
2B 00 00 00 00
2F 00 00 00 00
33 00 00 00 00
37 00 00 00 00 00 00
3D 00
40 00 00 00 00 00
45 00
48 00 00 00 00 00
4D 00
50 00 00 00 00 00
55 00
58 00 00 00 00 00
5D 00
60 00 00 00 00 00
65 00
68 00 00 00 00 00
6D 00
70 00 00 00 00 00
75 00
80 00 00 00 00 00 00 00
87 00 00 00 00 00 00 00 00
8F 00 00 00 00 00 00 00 00
97 00 00 00 00 00 00 00 00
9F 00 00 00 00 00 00 00 00
A7 00 00 00 00 00 00 00 00
AF 00 00 00 00 00 00 00 00
B7 00 00 00 00 00 00 00 00
BF 00 00
C2 00 00 00 00 00
C7 00 00 00 00 00 00 00 00 00 00 00
D2 00
D4 00 00 00 00 00 00 00 00 00 00 00 00 00 00 00 00
E4 00
E6 00 00 00 00 00 00 00 00 00 00 00 00 00 00 00 00
F6 00
FC 00 C9 10 20
00 00 00 00 00 00 00 00 00 00 00 00 00 00 00 00 00
10 00
12 00 00 00 00 00 00 00 00 00 00 00 00 00 00 00 00
22 00
24 00 00 00 00 00 00 00 00 00 00 00 00 00 00 00 00
34 00
36 00 00 00 00 00 00 00 00 00 00 00 00 00 00 00 00
46 00
48 00 00 00 00 00 00 00 00 00 00 00 00 00 00 00 00
58 00
5A 00 00 00 00 00 00 00 00 00 00 00 00 00 00 00 00
6A 00
80 00 00 00 00 00 00 00 00 00 00 00 00 00 00 00 00
90 00
92 00 00 00 00 00 00 00 00 00 00 00 00 00 00 00 00
A2 00
A4 00 00 00 00 00 00 00 00 00 00 00 00 00 00 00 00
B4 00
B6 00 00 00 00 00 00 00 00 00 00 00 00 00 00 00 00
C6 00
C8 00 00 00 00 00 00 00 00 00 00 00 00 00 00 00 00
D8 00
DA 00 00 00 00 00 00 00 00 00 00 00 00 00 00 00 00
EA 00
FC 00 CA 10 20
00 00 00 00 00 00 00 00 00 00 00 00 00 00 00 00 00
10 00
12 00 00 00 00 00
17 00 00 00 00
1B 00 00 00
20 00 00
22 00
23 00 00 00 00
27 00 00 00 00
2B 00 00 00
30 00 00 00
33 00 00 00 00
37 00 00 00 00
3B 00 00 00
40 00 00 00
43 00 00 00 00
47 00 00 00 00
4B 00 00 00
50 00 00 00
53 00 02 00 00
57 00 00 00 00
5B 00 41 20
60 00 00 00
63 00 00 00 00
67 00 00 00 00
6B 00 00 00
70 00 00 00
73 00
80 00 00 00
83 00 00 00 00
87 00 00 00
8C 00 00 00
8F 00
90 00 00 00
93 00 00 00 00
97 00 00 00
9C 00 00 00
9F 00 00 00
A2 00
A3 00 00 00 00
A7 00 00 00
AC 00 00 00
AF 00 00 00 00
B3 00
B4 00 00 00
B7 00 00 00
BC 00 00 00
BF 00 00 00 00
C3 00 00 00
C6 00
C7 00 00 00
CC 00 00 00
CF 00 04 00 00
D3 00 00 00 00
D7 00
D8 41 24
DC 00 00 00
DF 00 00 00 00 00 00 00 00 00
E8 00
FC 00 CB 10 20
00 00 00 00 00
04 00
08 00 00 00 00
0C 00
10 00 00 00 00
14 00
18 00 00 00 00
1C 00
20 00 00 00 00
24 00
28 00 00 00 00
2C 00
30 00 00 00 00
34 00
38 00 00 00 00
3C 00
40 00 00 00 00 00
45 00
48 00
49 00 00 00 00
4D 00
50 00 00 00
53 00 00
55 00
58 00 00 00 00 00
5D 00
60 00 00 00 00 00
65 00
68 00 00 00 00 00
6D 00
70 00
71 00 00 00 00
75 00
80 00 00 00 00 00
85 00
88 00
89 00 00 00 00
8D 00
90 00 00 00
93 00 00
95 00
98 00 00 00 00 00
9D 00
A0 00 00 00 00 00
A5 00
A8 00 00 00 00 00
AD 00
B0 00
B1 00 00 00 00
B5 00
B8 00 00 00
BB 00 00
BD 00
C0 00 00 00 00 00
C5 00
C8 00 00 00
CB 00 00
CE 00
D0 00
D2 00
FC 00 CC 10 20
00 00 00 00 00 00 00 00 00 00 00 00 00 00 00 00
0F 00 00 00 00 00 00 00 00 00 00 00 00 00 00 00 00
1F 00 00 00 00 00 00 00 00 00 00 00 00 00 00 00 00
2F 00 00 00 00 00 00 00 00 00 00 00 00 00 00 00 00
3F 00 00 00 00 00 00 00 00 00 00 00 00 00 00 00
4E 00
50 00 00 00 00 00 00 00 00 00 00 00 00 00 00
5E 00
60 00 00 00 00 00 00 00 00 00 00 00 00 00 00
6E 00
80 00 00 00 00 00 00 00 00 00 00 00 00 00 00
8E 00
90 00 00 00 00 00 00 00 00 00 00 00 00 00 00
9E 00
A0 00 00 00 00 00 00 00 00 00 00 00 00 00 00
AE 00
B0 00 00 00 00 00 00 00 00 00 00 00 00 00 00
BE 00
C0 00 00 00 00 00 00 00 00 00 00 00 00 00 00
CE 00
D0 00 00 00 00
D4 00
FC 00 CD 10 20
00 00 00 00 00 00 00
06 00
08 00 00 00 00 00 00
0E 00
10 00 00 00 00 00 00
16 00
18 00 00 00 00 00 00
1E 00
20 00 00 00 00 00
25 00
80 00 00
82 00
84 00 00
86 00
88 00 00
8A 00
8C 00 00
8E 00
90 00 00
92 00
94 00 00
96 00
98 00 00
9A 00
9C 00 00
9E 00
FC 00 CE 10 20
00 00 00 00 00
04 00
06 00 00 00 00
0A 00
0C 00 00 00 00
10 00
12 00 00
14 00 00
16 00
18 00 00 00 00
1C 00
1E 00 00 00 00
22 00
24 00 00 00 00
28 00
2A 00 00
2C 00 00
2E 00
30 00 00 00 00
34 00
36 00 00 00 00
3A 00
3C 00 00 00 00
40 00
42 00 00
44 00 00
46 00
48 00 00 00 00
4C 00
4E 00 00 00 00
52 00
54 00 00 00 00
58 00
5A 00 00 00 00
5E 00
FC 00 CF 10 20
40 05 35 64 00 77 00 30 60 01 35
4A 05 35 64 00
4E 77
50 00 00 00 00 00 00 00 00 00 00 00
5B 00 00 00 00
5F 00 00 00 00 00 00 00 01
67 00 00 00 00 00 00
6D 00
